$ANSIBLE_VAULT;1.1;AES256
34343930353833336238663036323733646662393237663434663036373063336362666436643566
3735653561323738633839343137653665653664646365340a363263363135383131366133356665
62313535643438353930393761626634666462306463333531313734373038633731373033313832
3530306161656537610a393862346139376661643831343862326336636433353164393163323233
35343235323439373133666434306531613139616334333730396630353236653938663435616665
35623639396632353336633061623736656361343162396263313365633730623239333562666435
33363232343739653861313739363763373562636532326563323336643631383930313236353834
65623736383063366438373666376534643937663563356139363062633234363431306366323164
63613366356535333431353837626638663434633930336237646438666532323563393031376631
31343938336434336161653661626333663939656539326362343166366436316232636463343332
63633836643065363966383162316264643761396235633138613466366464316563353639303630
61393062633766363662333836663064303030663435383337386238303836366566383366376363
32363461616566306630656432623134623434356333313264376130323336383834616165653962
38373862613232616465303533393762306337663936313932376638396137376332356231393763
30313539323061313434656166646365626331616561393938343630393930353137393433383036
32373961636138323663646138356664633535323765396530326263343338326534623631626633
39353630653331626461376361303966346132393166316362633333353335363362313439383434
39393263306431376235383737613766336638326139613335393034373934303962313937343631
35653430643461666537313164616233613862326364343062346563363436346166666138663766
32646239393766666136663135306162663338343364663564663933393038623233626536363762
66646163646262636230633233373861613939656165353366356264393230323031333532643334
62363732336430383838306162326130383065343136343766363862626563623733623737356230
33313837623730666266663363396632326637626436326337316432373362313365323435663833
64616566663234386538353434363265613030323636646131393762613734636335636230343362
63623461663666653639336531656664336434313935313464393033633233366630656433393738
38363266336636366439363764623063663231343161376432313436323666616462666235353030
61633935356536656666383334343938313135323435316235303633623538663437376239323832
35366636383335613337633333636530386131666432353237623462613432636366303365346565
30613362613437396265393366303432636566386136383066326633623036663863623332356134
63303866623266306532356663393262353238613066356161663331626437333937626333323666
64353964663139623933636430616163346663623432653764363431626262316233613266303065
38343133306637633263376633363064643332326264623136373537363833616434306465613531
32643035336537383937323166636361646164613730616232336232313233616563646136376165
66393733373538613161646336313262333632326532396337343538343664386264653237656437
63623162306332333532646230336131396530343661353535326130333139333038616336326439
36386463376133636531346132353339363831303738323462393561633630393261633335383133
31633333656362633461313732633864623336636437373330393766363730653134666534386132
34623965353237633539303562643736393939366362623336663632663039306235303365343434
61313031313933643964626533353934346163363061663065376363313834653939316538643662
65373838383434653638626466313430623366323531336365636532313761353165366465396666
38666466373765393864643864326162336631303165653665616464636638636666306632353437
35636563383738393339396631393634376132343039623166363934346464353531333433336231
35373865343939363631336362366531653437376465353439633435613234613631663666363935
36653163396635636266316231643838366464326134653663656534333666303731386564313165
30616163303539383834363764383431363232333132356534623234623430623661316337333232
30313232653466333435663639306162666166643033633462343232656437353532326364343039
39353133343035633966306537616239366535393839326362663631643561383235353034393039
35343565643363346339386266343264636539653036646366343861353636346663373766666161
37646331383761306462376431313335656563343366663931396430666430306238303366343031
61613065393834303164626536616465363634346337646664666131366132353261663864623630
33376462363235323662633738643661316137646530626238303031646362633763303137323963
39383434613164366631623338623562653439316236383032353437656265326430656435636636
33366333336639336231363132356465336363656338643732343763323566656439646461333863
36646366396331633766323835303635316334333636343664343936363639623764356233326365
63376531313233646532643938363962376463363561373963653761643061663234346565363831
62643633666138333365343464346639346639336631633334386232393831343765366132616336
36623361386161623132373962623262636632333531393736396438316266663066393530363733
39646362653130636336346633303435613665343766383461666264323631626539306561636165
66353138316333363339663434363232626430643036326165646566333539623333396132356561
65363265663732313730393638393738326637623964616462653138323639323432613537303935
31653831646238363830663133646133323538353263383534313636366231393662316633343032
32396461313262616631626164636237383565333866613435343038663839323565323262373636
38633066623936356565633463353366633762363431656664346535653931363230616562623732
34663138303433666630626338333062316230333864653338633839343137383061623164666361
36316338653464393239613038313431663935643832353435346261386461303666616239336636
38613833323163386561346163356561643230386263646333306464366135643536346263376334
32653661636164323735303866316361363237643862393764613930396363326563393763396363
63346365386236663134306263646661643034373334333731646464626532633738636333316366
35353862333131363766663833306462366537613661616633663165396662323738613631633137
38646366643535636566323037353765636465376333656464656364383831373464383264643337
65646538666531343633313439336537393363313265663537313136623966333563383034336166
33643331343063303663633938656430656362366439343532356339383732393734333034343435
62323239646236313266636362363166663461613031306566306234303061393262613864333262
38306532626539383263393231373339363334636334336565326130636666336232353631653537
36343833663734666536656635393663326331633763363064353964353935353833363433613266
63646533303636613632383263336265343666393165333935366263623861663864653537353233
3365
